function [y] =  MBC_output(x)


y = [0; 0; 0];

y(1) = -0.49*x(4)^3 - 0.86*x(1)^3 - 1.2*x(1)*x(4)^2 - 1.5*x(1)*x(5)^2 - 1.1*x(1)*x(6)^2 + 0.37*x(1)^2*x(4) - 2.6*x(1) - 0.77*x(4)+0.035*x(2)*x(4)*x(5);

y(2) = -0.28*x(5)^3 - 0.29*x(2)^3 - 0.27*x(2)*x(4)^2 + 0.17*x(2)^2*x(5) - 0.37*x(4)^2*x(5) - 0.69*x(2)*x(5)^2 - 1.1*x(2)*x(6)^2 - 0.45*x(5)*x(6)^2 - 1.1*x(1)^2*x(2) - 0.44*x(1)*x(4)*x(5) - 0.46*x(5) - 1.1*x(2) + 0.24*x(1)*x(2)*x(4);

y(3) = -0.14*x(6)^3 - 0.18*x(3)^3 - 0.44*x(1)^2*x(3) - 0.34*x(2)^2*x(3) - 0.55*x(3)*x(5)^2 + 0.11*x(1)^2*x(6) - 0.052*x(3)^2*x(6) - 0.18*x(4)^2*x(6) - 0.039*x(5)^2*x(6) - 0.2*x(2)^2*x(6) - 0.38*x(3)*x(6)^2 + 0.4*x(2)*x(3)*x(5) + 0.37*x(1)*x(3)*x(4) + 0.43*x(2)*x(5)*x(6) - 0.69*x(3) - 0.35*x(6);


end